name, F_0,V_0,K_0,Kprime_0 Debye_0,grueneisen-0,q_0,G_0,Gprime_0, eta_s0 
Anorthit CaAl2Si2 7.0490464 3.7985966 2765.2075 -4014619.0   10.061 84.08915      4.0 752.3911  0.39241      1.0     39.9  1.09134   1.6254 
Albite   NaAlSi3O 6.4321565 3.7136043 2610.4352 -3718799.0  10.0452 59.76162      4.0 713.7824  0.56704      1.0     36.0   1.3855  1.04208 
Spinel   Mg4Al8O1 9.7849138 5.5067961 3577.9305 -8667568.0  15.9048 196.9428  5.68282 842.8104  1.02283  2.71208    108.5  0.37303  2.66282 
Hercynit Fe4Al8O1 8.7117623 4.4561036 4255.4583 -7324009.0  16.3372 208.8965  5.68282  763.231  1.21719  2.71208     84.5  0.37303    2.768 
Enstatit Mg2Si2O6 8.0966176 4.8963682 3203.4206 -2913596.0   6.2676 107.0768  7.02751 812.1848  0.78479  3.43846     76.8  1.54596  2.50453 
Ferrosil Fe2Si2O6 6.524449 3.6049166 4001.4204 -2225718.0   6.5941 100.5386  7.02751 674.4769  0.71889  3.43846     52.0  1.54596  1.07706 
Mg_Tsche MgAl2SiO 8.2976893 5.2955826 3421.5436 -3002470.0    5.914 107.0768  7.02751 783.8404  0.78479  3.43846 95.95086  1.54596  2.49099 
Ortho_Di CaMgSi2O 7.6357949 4.2862077 3182.0408 -3015827.0   6.8054 107.0768  7.02751 744.6988  0.78479  3.43846 58.45895  1.54596  1.36161 
HP_Clino Mg2Si2O6 8.4215775 5.1583794 3304.4367 -2905788.0    6.076 116.0254  6.23685 824.4439  1.12473  0.20401 87.92717  1.84119  2.14181 
HP_Clino Fe2Si2O6 7.1516078 4.1341249 4132.1936 -2222183.0 6.385413 116.0254  6.23685  691.564  1.12473  0.20401 70.62309  1.84119  0.79216 
Diopside CaMgSi2O 7.8551601 4.5202078 3279.1319 -3029531.0   6.6039 112.2413  5.23885 781.6146  0.95873  1.52852     67.0  1.37293  1.57351 
Hedenber CaFeSi2O 7.4213482 4.0849759 3655.5411 -2677330.0   6.7867 119.2555  5.23885 701.5851  0.93516  1.52852     61.0  1.17647   1.5703 
Clinoens Mg2Si2O6 8.2571372 4.9745962 3212.4413 -2905918.0     6.25 112.2413  5.23885 805.0547  0.95873  1.52852 79.49686  1.62901  1.69074 
Ca_Tsche CaAl2SiO 7.8785993 4.6804184 3431.011 -3120253.0   6.3574 112.2413  5.23885 803.6626  0.78126  1.52852 75.16066  1.54016   1.9672 
Jadeite  NaAlSi2O 8.7596083 5.0441887 3340.6961 -2855192.0   6.0508 142.2873  5.23885 820.7623    0.903  0.39234     85.0  1.37398  2.18453 
Pyrope   Mg3Al2Si 9.114141 5.1267454 3564.9764 -5936538.0   11.308 170.2396  4.11067 823.2102  1.01424  1.42169 93.69999  1.35756  0.98186 
Almandin Fe3Al2Si 8.3825578 4.718356 4312.1163 -4935516.0   11.543 173.8963  4.91341  741.356  1.06495  1.42169     96.0  1.40927  2.09292 
Grossula Ca3Al2Si 9.3292214 5.5024386 3600.1164 -6277935.0   12.512 167.0622  3.91544  822.743  1.05404  1.88887    109.0  1.16274  2.38418 
Mg_Major Mg4Si4O1 8.9178054 4.9193301  3512.43 -5691614.0  11.4324 165.1183  4.21183  822.458  0.97682  1.53581 84.99999  1.42969   1.0178 
Jd_Major Na2Al2Si 9.7253285 5.8567875 3644.1106 -5518542.0   11.094 177.0772  4.11067  895.914  1.01424  1.42169    125.0  1.35756  3.30517 
Ca_Perov CaSiO3   10.296155 6.0877465 4231.7577 -1463358.0    2.745    236.0      3.9  795.779  1.88839  0.89769 156.8315  2.22713  1.28818 
Forsteri Mg2SiO4  8.5811486 5.0288312 3226.6865 -2055403.0   4.3603 127.9555  4.21796 809.1703  0.99282  2.10672 81.59999  1.46257  2.29972 
Fayalite Fe2SiO4  6.8052445 3.4003958 4402.1009 -1370519.0    4.629 134.9622  4.21796 618.7007  1.06023   3.6466 50.89999  1.46257  1.02497 
Mg_Wadsl Mg2SiO4  9.5894602 5.6791153 3472.6196 -2027837.0   4.0515 168.6948   4.3229 843.4973   1.2061   2.0188    112.0  1.44424  2.63683 
Fe_Wadsl Fe2SiO4  7.4746301 3.8887947 4761.0566 -1364668.0     4.28  168.591   4.3229 665.4492   1.2061   2.0188     72.0  1.44424  1.04017 
Mg_Ringw Mg2SiO4  9.9119242 5.8759263 3562.4839 -2017557.0   3.9493 184.9009  4.22035 877.7094  1.10791   2.3914    123.0  1.35412  2.30461 
Fe_Ringw Fe2SiO4  8.3285857 4.3473071 4867.9693 -1362772.0    4.186  213.412  4.22035 677.7177  1.27193   2.3914     92.0  1.35412  1.77249 
Mg_Akimo MgSiO3   10.092435 5.8866468 3809.2414 -1410850.0   2.6354  210.706  5.62088 935.9778  1.18984  2.34514    132.0  1.57889  2.80782 
Fe_Akimo FeSiO3   9.1920248 5.5679007 4912.8161 -1067598.0   2.6854  210.706  5.62088 887.8709  1.18984  2.34514 152.3046  1.57889   3.5716 
Corundum AlAlO3   10.878938 6.3983434 3986.4425 -1582454.0   2.5577 252.5457  4.33728 932.5696  1.32442  1.30316    163.2  1.64174   2.8316 
Mg_Perov MgSiO3   10.850893 6.4885884 4106.7188 -1368283.0   2.4445 250.5264     4.14 905.9412  1.56508  1.10945    172.9  1.69037  2.56536 
Fe_Perov FeSiO3   9.3387203 5.0627161 5176.7215 -1040920.0   2.5485 272.1152     4.14 870.8122  1.56508  1.10945 132.6849  1.37485  2.29211 
Al_perov AlAlO3   10.938428 6.4737969 4087.6058 -1533878.0   2.4944    258.2     4.14 886.4601  1.56508  1.10945 171.3116  1.49706  2.47126 
Mg_Post_ MgSiO3   10.288724 6.0437844 4111.0915 -1348641.0   2.4419    231.2      4.0 855.8173  1.89155  1.09081  150.167  1.97874  1.16704 
Fe_Post_ FeSiO3   8.8699359 4.9990337 5182.0086 -981806.9   2.5459    231.2      4.0 781.3465  1.89155  1.09081    129.5  1.44675  1.36382 
Al_Post_ AlAlO3   9.3621831 4.6377973 4275.6423 -1377582.0   2.3847    249.0      4.0 762.1951  1.64573  1.09081 91.96531  1.81603  2.83762 
Mg_Ca_Fe MgAl2O4  9.9010358 5.7457583 3932.4894 -2122169.0   3.6177 210.6663   4.0528 838.6291  1.31156      1.0  129.826  1.75878   2.1073 
Fe_Ca_Fe FeAl2O4  9.4557527 5.7367458 4664.9225 -1790284.0   3.7258 210.6663   4.0528 804.1986  1.31156      1.0 153.5236  1.75878   3.0268 
Na_Ca_Fe NaAlSiO4 9.1024595 5.5812992 3916.5836 -1844129.0    3.627 161.3385  4.32479 812.4769  0.69428      1.0 122.0049  2.07687  2.79016 
Periclas MgO      9.7066973 6.0430228 3584.5273 -569444.6   1.1244 161.3836  3.84045 767.0977  1.36127   1.7217    130.9   2.1438  2.81765 
Wuestite FeO      6.6705691 3.173555 5858.1572 -242146.0   1.2264 179.4442   4.9376 454.1592  1.53047   1.7217     59.0  1.44673 -0.05731 
Quartz   SiO2     6.5635712 4.2036836 2538.4176 -858853.4 2.367003 49.54743  4.33155 816.3307   0.0001      1.0 44.85617  0.95315  2.36469 
Coesite  SiO2     8.2053549 4.6019698 2908.6679 -855068.5   2.0657 113.5856      4.0 852.4267  0.39157      1.0 61.60001  1.24734  2.39793 
Stishovi SiO2     11.922702 7.1640481 4286.532 -818984.6   1.4017 314.3352  3.75122 1107.824  1.37466  2.83517    220.0  1.93334  4.60904 
Anorthit CaAl2Si2 7.0490464 3.7985966 2765.2075 -4014619.0   10.061 84.08915      4.0 752.3911  0.39241      1.0     39.9  1.09134   1.6254 
Kyanite  Al2SiO5  9.3641062 5.7325074 3663.9519 -2446058.0   4.4227    160.0      4.0 943.1665   0.9255      1.0 120.4033   1.7308  2.96665 
Nephelin NaAlSiO4 6.0263506 3.4372455 2598.4786 -1992104.0  5.46684 53.07799      4.0 700.9422  0.69428      1.0     30.7  1.33031   0.6291 
