Flag,H2O,Iron,K,G,Rho,Author,
1,0,0(0.0001),170(2),115(2),3488(1),Zha et al. [1997]
1,0,0,173(1),113(1),3470(1), Li et al. [2001]
1,0,0,170.7(1),111.6(1),3470(1), Li et al. [2001]; W. Liu et al. [2005]
1,0,0.08,170.8(1.2),108.9(0.4),3581(2),Isaak et al. [2010]
1,0,0.08,170(3),108(2),3570(3),Sinogeikin et al. [1998]
1,0,0.09,170.2(1.9),113.9(0.7),3468(1),Isaak et al. [2007]
1,0,0.12(0.001),172(2),106(1),3600(4), Li and Liebermann [2000]
1,0,0.13,175.4(0.7),108(0.4),3633,W Liu et al. [2009]
1,0.37(0.04),0(0.0001),165.4(0.9),108.6(0.6),3453(2),Z. Mao et al. [2008]
1,0.85(0.08),0(0.0001),160.3(0.7),108.6(0.6),3435(7),Z. Mao et al. [2008]
1,1.66(0.17),0(0.0001),149.2(6),98.6(0.4),3395(10),Z. Mao et al. [2008]
1,1.93(0.22),0.11(0.0001),156.2(0.5),98(0.3),3513(1),Mao et al. [2011]
1,1.93(0.2),0.11(0.0001),157.0(2),NA,NA,Chang(2011)
1,0.25(0.1),0.10(0.0001),170(2),NA,NA,Chang(2011)
